81   79   37   51   49   52   61   69   73   46
25   20   91   99   40   13   78   37   16   69
36   67   66   82   30   19   11   74    2   95
44   63   100   47   85   15    5   70   41   88
39   62   91   39   43   78   81   12   23    5
42   60   33   39   47   36   52   47    5    4
34   53   28   83   23   67   56   56   28   68
81   16    1   100   52   71   88   33   78   73
76   84   97   77   85   51   75   91   23   51
73   80   16   53   61   11   98    8   70   53
29   72    0   57   26   11    0   48   96   67
74   49   26   64   65   38   73    1   25   54
73   63   60   87   34   30   95   70   97   54
11   57   22   99   74   45    2   13   88   67
 1   42   50   41   29   63    8   40   49   68
85   27   99   50   55   67   98   89    6   88
92   45   81   70   59   41   70   77   64    7
17   89   95   92   77   87   11    1   40   97
 9   55   32   83   17   85   47   13   19   93
55    7   20   40   47   75   11   61   65   26
89    4   92   20   95   92   32   16   59    8
11   17   60    6   11   46   56   44   29   85
 8   11   32   38   62   49   81   65   61   42
58   73   60    4   54   91   48   57   88    7
82   87   11   74   58   72   46   48   68   47
 4   12    9   74   66   54   40   98   26   41
10   31   50   74   98   20   69   32   36   62
21   28   66   85   30   86   56   95   25   98
30   46   59   57   87   98   15   55   50   52
38   85   75   80   89   23    7   59   43   93
60   100   66   95   38   74   89   61    4   23
23   34   63   90   73   42   25   38   68   56
20   97   100   72   66    4   39    7   81   20
36   39   54   77   92   93   43   17   55   10
74   66   74   29   69   95   70   22   68   35
 3   63   34   87   61   58   15   85   21   70
32   76    0   26   86    9   32   57   25   70
95   99   51   17   70   56   16   16   14   16
91    3   49   49   48   87   69   78   82   48
63   17   46   11   44   69   91    2   95   74
30   97   75   60   50    0   26    9   43   78
 6   46   11   55   99   92    9   29   68   26
59   46   19   66   71    5   34   43   34   22
85   86   37   97   68   76    8   27   43   52
50   42   64   47   81   70   15   68   33   24
26   94   44   52   12   41   43   96    3   69
97   36   81   21   26   95   61   51    8   32
29   10   60    7   93   22    0   76   55   94
14   11   26   21   82   33   82   92   85   33
 2   18   33   99   25   24   47   82   26   81
94   63   12   17   53   63   78   43   79   73
86   59   45   69   12   60   38   26    2   97
21   57   53   94   91   95   49   66   67   54
37   47   94   84   16   76   25   81   12   81
90   68   79   77   97   69   45   72    6   45
11    9   28    1   58    7   41   84   71   46
17   88   82   81   71   42   24   58   36   59
62   14   83   18   98   86   98   63   14   11
70   54   74   21   46   25   23   42   41   73
93   91   85   76   42   71   56   61   38   88
24   78   43    1   88   72   47   14   35   99
66   92    7   85   93   39   33    4   42   56
57   49    4    8   61    1   44   18   41   54
54   25   88    4   20   95   100   22   75   59
50   32   26   78    9   43   31   56   50   22
30   18   82   94   98   88   38   21   65   13
18   63    2   96   30   20   11   85   10   81
57   92   27   51    8    3   56   87   41   81
 9   34   16   11   83   87   72   87   86    4
55   40   56   62   77   17   34   26   93   27
 8   59   79   72   18    0   29   47   93   44
91   34   84    8   12    9   67   45   58   85
99   99   36    2   71   13   56    3   42   93
77   86   99    6    7   88   73   40   65   77
65   15   97   97   19   66    8   95   20   61
62   62   17   22   13    8   86   53   70   39
37   82   22   54   26    2   11   43   49   79
37   31   69   73    6   33   37    9   39    7
51   30   30    5    7   94   65   93   49   10
 9   68   38   27   18   76   39   85   58   30
32   80   10   82   54    3   90   75   47    7
98    6   18   30   45    5   63   72   57   36
48   50   39   55   30   66    0   76   67   36
19    8   63   29   45   26   18   94   13   84
24   59   18    7   58   86   91   36   29    3
33    2    2   86   39   100   61   49   28   73
 8   80   30   77   76   67   28   65   36   97
98   53    1   46   76   12   88   41   13   76
 4    8   40   55   31   18   12   39   31   70
53   60   38   88   80   34   13   69   33   70
71   97   72   76    7   49   46   78    7   57
37   31   88   16   81   70   50   44   67   16
88   23   30   65   94   71   39   14   84   73
58    9   84   57   64   19   77   98   71   17
28   33   10   79   19    1   21   65   69   25
35   55   90   47   63   93   50   60   26   86
95   90   99   23   47   17   72    3   28   50
62   55   79   91   24   82   10    6   61   27
25   81   66   23   76   36   100   28   77   45
 0   32   98   48   96    1   54   84   16   23
